
% SISO: only first input, only first column of B

A = [-0.421982230934631 -0.220372722044855 0 -0.220372722044855	0;
0.0232761124658234	-0.0108539454476536	-0.0400000000000000	-0.00957394544765356	0;
0	1	0	0	0;
0.145475702911396	-0.0598371590478347	0	-0.165112939326121	-10.8232323371114;
0	0	0	1	0;];

B = [-0.0799; -0.0067; 0; -0.0420; 0;];